0.0 11.8 15.7 9.7 17.2 4.2 7.3
11.8 0.0 0.4 9999 18.8 13.3 4.0
15.7 0.4 0.0 8.3 2.2 0.6 9999
9.7 9999 8.3 0.0 18.3 17.0 14.5
17.2 18.8 2.2 18.3 0.0 12.3 18.5
4.2 13.3 0.6 17.0 12.3 0.0 14.6
7.3 4.0 9999 14.5 18.5 14.6 0.0